0000000001111001
0000000001100000
1111111111001010
1111111011001010
1111111000011101
1111111001110101
1111111110110001
0000000011001010
0000000010111100
1111111110011110
1111111010110000
1111111100011110
0000000010100011
0000000110100010
0000000011010101
1111111011011110
1111110111100011
1111111101000101
0000000111010100
0000001010110011
0000000001110100
1111110100011100
1111110010000010
0000000000100000
0000010010110000
0000010010111111
1111111010001101
1111011101101001
1111100001010101
0000010111111001
0001101100000001
0010101011001000
0010101011001000
0001101100000001
0000010111111001
1111100001010101
1111011101101001
1111111010001101
0000010010111111
0000010010110000
0000000000100000
1111110010000010
1111110100011100
0000000001110100
0000001010110011
0000000111010100
1111111101000101
1111110111100011
1111111011011110
0000000011010101
0000000110100010
0000000010100011
1111111100011110
1111111010110000
1111111110011110
0000000010111100
0000000011001010
1111111110110001
1111111001110101
1111111000011101
1111111011001010
1111111111001010
0000000001100000
0000000001111001
